0.000000 0.000000
0.010000 0.019635
0.020000 0.054542
0.030000 0.089448
0.040000 0.125991
0.050000 0.164715
0.060000 0.204531
0.070000 0.245982
0.080000 0.289070
0.090000 0.332703
0.100000 0.377427
0.110000 0.422697
0.120000 0.468512
0.130000 0.515418
0.140000 0.561778
0.150000 0.608138
0.160000 0.654498
0.170000 0.700859
0.180000 0.746674
0.190000 0.791943
0.200000 0.836122
0.210000 0.879755
0.220000 0.922843
0.230000 0.964840
0.240000 1.005201
0.250000 1.045016
0.260000 1.083195
0.270000 1.119738
0.280000 1.155190
0.290000 1.189005
0.300000 1.221185
0.310000 1.251183
0.320000 1.280090
0.330000 1.306815
0.340000 1.331904
0.350000 1.354812
0.360000 1.376083
0.370000 1.395173
0.380000 1.412626
0.390000 1.427897
0.400000 1.441533
0.410000 1.452987
0.420000 1.462259
0.430000 1.469895
0.440000 1.475349
0.450000 1.479167
0.460000 1.481348
0.470000 1.481894
0.480000 1.481894
0.490000 1.481894
0.500000 1.481894
0.510000 1.480803
0.520000 1.477530
0.530000 1.473167
0.540000 1.467167
0.550000 1.460077
0.560000 1.451896
0.570000 1.442078
0.580000 1.430625
0.590000 1.418625
0.600000 1.405535
0.610000 1.391355
0.620000 1.376628
0.630000 1.360811
0.640000 1.344449
0.650000 1.326996
0.660000 1.308997
0.670000 1.290998
0.680000 1.271909
0.690000 1.252819
0.700000 1.233184
0.710000 1.214095
0.720000 1.193914
0.730000 1.174279
0.740000 1.154099
0.750000 1.134464
0.760000 1.114829
0.770000 1.095194
0.780000 1.076650
0.790000 1.057560
0.800000 1.039562
0.810000 1.021563
0.820000 1.004110
0.830000 0.987202
0.840000 0.970839
0.850000 0.955022
0.860000 0.939751
0.870000 0.925025
0.880000 0.911389
0.890000 0.898299
0.900000 0.885755
0.910000 0.874301
0.920000 0.863393
0.930000 0.853575
0.940000 0.844303
0.950000 0.836122
0.960000 0.828486
0.970000 0.821941
0.980000 0.816487
0.990000 0.811033
1.000000 0.807215
1.010000 0.803942
1.020000 0.801761
1.030000 0.800124
1.040000 0.799034
1.050000 0.798488
1.060000 0.798488
1.070000 0.798488
1.080000 0.798488
1.090000 0.798488
1.100000 0.798488
1.110000 0.798488
1.120000 0.798488
1.130000 0.798488
1.150000 0.800670
1.160000 0.802851
1.170000 0.805579
1.180000 0.808306
1.190000 0.811578
1.200000 0.815941
1.210000 0.820850
1.220000 0.825759
1.230000 0.831213
1.240000 0.837213
1.250000 0.843758
1.260000 0.850303
1.270000 0.857393
1.300000 0.879755
1.310000 0.887936
1.320000 0.896118
1.330000 0.904299
1.340000 0.913025
1.350000 0.921207
1.365000 0.929388
1.375000 0.938114
1.385000 0.946296
1.395000 0.954477
1.405000 0.962658
1.415000 0.970839
1.435000 0.986111
1.445000 0.993747
1.455000 1.000837
1.465000 1.007928
1.475000 1.014473
1.485000 1.021018
1.495000 1.027563
1.505000 1.033562
1.515000 1.039016
1.525000 1.044470
1.535000 1.049379
1.545000 1.054288
1.555000 1.058651
1.565000 1.062469
1.575000 1.066287
1.585000 1.069560
1.595000 1.072832
1.605000 1.075559
1.615000 1.077741
1.625000 1.079377
1.635000 1.081013
1.645000 1.082104
1.655000 1.082650
1.665000 1.083195
1.675000 1.083740
1.685000 1.083740
1.695000 1.083740
1.705000 1.083740
1.715000 1.083740
1.725000 1.083740
1.735000 1.083740
1.745000 1.083740
1.755000 1.083740
1.765000 1.083740
1.775000 1.083740
1.785000 1.083740
1.795000 1.083740
1.805000 1.083740
1.815000 1.083740
1.825000 1.083740
1.835000 1.083740
1.845000 1.083740
1.865000 1.083740
1.875000 1.083740
1.885000 1.083740
1.895000 1.082650
1.905000 1.082104
1.915000 1.081013
1.925000 1.079377
1.935000 1.077741
1.945000 1.076105
1.955000 1.074468
1.965000 1.072287
1.975000 1.069560
1.985000 1.066833
2.005000 1.060833
2.015000 1.058106
2.025000 1.054833
2.035000 1.052106
2.045000 1.048834
2.055000 1.045016
2.065000 1.041743
2.075000 1.037925
2.085000 1.034653
2.095000 1.031381
2.105000 1.027563
2.115000 1.024290
2.125000 1.020472
2.135000 1.017200
2.145000 1.013382
2.155000 1.010655
2.165000 1.006837
2.175000 1.003564
2.185000 1.000837
2.195000 0.997565
2.205000 0.994838
2.215000 0.992111
2.225000 0.989384
2.235000 0.986656
2.245000 0.984475
2.255000 0.982293
2.265000 0.980111
2.275000 0.977930
2.285000 0.976294
2.295000 0.974657
2.305000 0.973021
2.315000 0.971385
2.325000 0.970294
2.335000 0.969203
2.345000 0.968112
2.355000 0.967021
2.365000 0.966476
2.375000 0.965931
2.385000 0.965385
2.395000 0.964840
2.405000 0.964840
2.415000 0.964294
2.425000 0.964294
2.435000 0.964294
2.445000 0.964294
2.455000 0.964294
2.465000 0.964294
2.475000 0.964294
2.485000 0.964294
2.495000 0.964294
2.505000 0.964294
2.515000 0.964294
2.525000 0.964294
2.535000 0.964294
2.545000 0.964294
2.555000 0.964294
2.575000 0.964294
2.585000 0.964294
2.595000 0.964294
2.605000 0.964294
2.615000 0.964294
2.625000 0.964294
2.635000 0.964294
2.645000 0.964294
2.655000 0.964294
2.665000 0.964294
2.675000 0.964294
2.685000 0.964294
2.695000 0.964294
2.705000 0.964294
2.715000 0.964294
2.725000 0.964294
2.735000 0.964294
2.745000 0.964294
2.755000 0.964294
2.765000 0.964294
2.775000 0.964294
2.785000 0.964294
2.795000 0.964294
2.805000 0.964294
2.815000 0.964294
2.825000 0.964294
2.835000 0.964294
2.845000 0.964294
2.855000 0.964840
2.865000 0.964840
2.875000 0.965385
2.885000 0.965931
2.895000 0.966476
2.905000 0.967021
2.915000 0.968112
2.925000 0.968658
2.935000 0.969749
2.945000 0.970839
2.955000 0.971930
2.965000 0.973021
2.975000 0.974112
2.985000 0.975203
2.995000 0.976294
3.005000 0.977384
3.015000 0.979021
3.025000 0.980111
3.035000 0.981748
3.045000 0.982839
3.055000 0.984475
3.065000 0.985566
3.075000 0.987202
3.085000 0.988838
3.095000 0.989929
3.105000 0.991565
3.115000 0.993201
3.125000 0.994292
3.145000 0.997019
3.155000 0.998110
3.165000 0.999746
3.175000 1.000837
3.185000 1.001928
3.195000 1.003019
3.205000 1.004110
3.215000 1.005201
3.225000 1.006291
3.235000 1.007382
3.245000 1.007928
3.255000 1.009018
3.265000 1.010109
3.275000 1.010655
3.285000 1.011200
3.295000 1.011746
3.305000 1.012291
3.315000 1.012836
3.325000 1.012836
3.335000 1.013382
3.345000 1.013382
3.355000 1.013927
3.370000 1.013927
3.380000 1.013927
3.390000 1.013927
3.400000 1.014473
3.410000 1.014473
3.420000 1.014473
3.430000 1.014473
3.440000 1.014473
3.450000 1.014473
3.460000 1.014473
3.470000 1.014473
3.480000 1.014473
3.490000 1.014473
3.500000 1.014473
3.510000 1.014473
3.520000 1.014473
3.530000 1.014473
3.540000 1.014473
3.550000 1.014473
3.560000 1.014473
3.570000 1.014473
3.580000 1.014473
3.590000 1.014473
3.600000 1.014473
3.610000 1.014473
3.620000 1.014473
3.630000 1.014473
3.640000 1.014473
3.650000 1.014473
3.660000 1.014473
3.670000 1.014473
3.680000 1.014473
3.690000 1.014473
3.700000 1.014473
3.710000 1.014473
3.720000 1.014473
3.730000 1.014473
3.740000 1.014473
3.750000 1.014473
3.760000 1.014473
3.770000 1.014473
3.780000 1.014473
3.790000 1.014473
3.800000 1.014473
3.810000 1.014473
3.820000 1.014473
3.830000 1.014473
3.840000 1.014473
3.850000 1.014473
3.860000 1.014473
3.870000 1.014473
3.880000 1.014473
3.890000 1.014473
3.900000 1.014473
3.910000 1.014473
3.920000 1.014473
3.930000 1.014473
3.940000 1.014473
3.950000 1.014473
3.960000 1.014473
3.970000 1.014473
3.980000 1.014473
3.990000 1.014473
4.000000 1.014473
4.010000 1.014473
4.020000 1.014473
4.030000 1.014473
4.040000 1.014473
4.050000 1.014473
4.060000 1.014473
4.070000 1.014473
4.080000 1.014473
4.090000 1.014473
4.100000 1.014473
4.110000 1.014473
4.120000 1.014473
4.130000 1.014473
4.140000 1.014473
4.150000 1.014473
4.160000 1.014473
4.170000 1.014473
4.180000 1.014473
4.190000 1.014473
4.200000 1.014473
4.210000 1.014473
4.220000 1.014473
4.230000 1.014473
4.240000 1.014473
4.250000 1.014473
4.260000 1.014473
4.270000 1.014473
4.280000 1.014473
4.290000 1.014473
4.300000 1.014473
4.310000 1.014473
4.320000 1.014473
4.330000 1.014473
4.340000 1.014473
4.350000 1.014473
4.360000 1.014473
4.370000 1.014473
4.380000 1.014473
4.390000 1.014473
4.400000 1.014473
4.410000 1.014473
4.420000 1.014473
4.430000 1.014473
4.440000 1.014473
4.450000 1.014473
4.460000 1.014473
4.470000 1.014473
4.480000 1.014473
4.490000 1.014473
4.500000 1.014473
4.510000 1.014473
4.520000 1.014473
4.530000 1.013927
4.540000 1.013927
4.550000 1.013382
4.560000 1.012836
4.570000 1.012836
4.580000 1.012291
4.590000 1.011200
4.600000 1.010655
4.610000 1.010109
4.620000 1.009564
4.630000 1.009018
4.640000 1.008473
4.650000 1.007382
4.660000 1.006837
4.670000 1.006291
4.680000 1.005201
4.690000 1.004655
4.700000 1.004110
4.710000 1.003564
4.720000 1.003019
4.730000 1.001928
4.740000 1.001383
4.750000 1.000837
4.760000 1.000292
4.770000 0.999746
4.780000 0.999201
4.790000 0.998656
4.800000 0.998656
4.810000 0.997565
4.820000 0.997565
4.830000 0.997019
4.840000 0.996474
4.850000 0.995929
4.860000 0.995383
4.870000 0.995383
4.880000 0.994838
4.890000 0.994838
4.900000 0.994292
4.910000 0.994292
4.920000 0.993747
4.930000 0.993747
4.940000 0.993747
4.950000 0.993747
4.960000 0.993747
4.970000 0.993747
4.980000 0.993747
4.990000 0.993747
5.000000 0.993747
5.010000 0.993747